              precision    recall  f1-score   support

         ADJ       0.90      0.90      0.90       816
         ADP       0.99      0.99      0.99      1892
         ADV       0.93      0.92      0.93       128
         AUX       0.98      0.97      0.98       949
       CCONJ       0.90      0.89      0.90       265
        INTJ       0.89      0.89      0.89        27
        NOUN       0.94      0.96      0.95      3090
         NUM       0.98      0.98      0.98       248
        PART       0.97      0.97      0.97       501
        PRON       0.99      0.99      0.99       962
       PROPN       0.95      0.90      0.93       932
       PUNCT       1.00      1.00      1.00      1045
       SCONJ       0.95      0.94      0.94       315
         SYM       0.99      1.00      0.99        85
        VERB       0.96      0.96      0.96      1439
           X       1.00      0.97      0.98        67

    accuracy                           0.96     12761
   macro avg       0.96      0.95      0.95     12761
weighted avg       0.96      0.96      0.96     12761


Confusion Matrix:
Labels: ['ADJ', 'ADP', 'ADV', 'AUX', 'CCONJ', 'INTJ', 'NOUN', 'NUM', 'PART', 'PRON', 'PROPN', 'PUNCT', 'SCONJ', 'SYM', 'VERB', 'X']
[[ 734    1    1    0    0    0   60    1    1    2    7    0    0    0
     9    0]
 [   0 1875    1    0    8    0    0    0    3    1    0    0    3    0
     1    0]
 [   3    0  118    0    0    0    5    1    0    1    0    0    0    0
     0    0]
 [   0    2    1  925    0    0    1    0    0    0    0    0    0    0
    20    0]
 [   0   16    0    0  236    0    0    0    4    0    0    0    9    0
     0    0]
 [   0    0    1    0    0   24    2    0    0    0    0    0    0    0
     0    0]
 [  61    2    3    1    0    1 2961    1    2    5   32    0    1    0
    20    0]
 [   3    0    0    0    0    0    0  242    0    0    3    0    0    0
     0    0]
 [   2    1    1    0    1    0    4    1  488    2    0    0    0    0
     1    0]
 [   0    1    0    3    0    0    1    0    2  952    0    0    1    0
     2    0]
 [  11    1    0    0    0    1   67    1    0    2  842    0    2    0
     5    0]
 [   0    0    0    0    0    0    0    0    0    0    0 1044    0    1
     0    0]
 [   0    2    0    0   16    0    0    0    2    0    0    0  295    0
     0    0]
 [   0    0    0    0    0    0    0    0    0    0    0    0    0   85
     0    0]
 [   4    1    1   13    0    1   32    1    1    1    3    0    0    0
  1381    0]
 [   0    0    0    0    0    0    1    0    0    0    1    0    0    0
     0   65]]
